0 0.310096 0.311298 0.120192 0.151442 0.838075
0 0.308894 0.0492788 0.127404 0.0985577 0.877841
0 0.19351 0.0769231 0.132212 0.153846 0.882413
0 0.682692 0.0480769 0.139423 0.0961538 0.884561
0 0.679087 0.316106 0.132212 0.151442 0.893532
0 0.192308 0.259615 0.134615 0.158654 0.897282
0 0.486779 0.28726 0.132212 0.170673 0.899549
0 0.489183 0.0673077 0.132212 0.134615 0.901937
0 0.310096 0.311298 0.120192 0.151442 0.838075
0 0.308894 0.0492788 0.127404 0.0985577 0.877841
0 0.19351 0.0769231 0.132212 0.153846 0.882413
0 0.682692 0.0480769 0.139423 0.0961538 0.884561
0 0.679087 0.316106 0.132212 0.151442 0.893532
0 0.192308 0.259615 0.134615 0.158654 0.897282
0 0.486779 0.28726 0.132212 0.170673 0.899549
0 0.489183 0.0673077 0.132212 0.134615 0.901937
0 0.310096 0.311298 0.120192 0.151442 0.838075
0 0.308894 0.0492788 0.127404 0.0985577 0.877841
0 0.19351 0.0769231 0.132212 0.153846 0.882413
0 0.682692 0.0480769 0.139423 0.0961538 0.884561
0 0.679087 0.316106 0.132212 0.151442 0.893532
0 0.192308 0.259615 0.134615 0.158654 0.897282
0 0.486779 0.28726 0.132212 0.170673 0.899549
0 0.489183 0.0673077 0.132212 0.134615 0.901937
